1 45 2
1 52 2
1 1700 2
1 858 2
1 1597 2
1 1758 2
1 1741 2
1 1444 2
1 916 2
1 1765 2
1 1701 2
1 1780 2
1 511 1
1 1759 1
1 1449 1
1 1596 2
1 576 2
1 1437 1
1 1723 2
1 1774 2
2 1481 2
2 841 2
2 416 2
2 1336 2
2 18 2
2 417 1
2 183 2
2 1480 2
3 1084 2
3 1090 2
3 925 2
3 1112 2
3 149 1
3 1755 2
3 827 1
3 1225 2
3 1112 2
3 1060 1
3 849 1
3 1081 2
4 1282 1
4 123 2
4 1002 2
4 1382 2
4 1183 2
4 1215 2
4 748 2
4 97 1
4 448 2
4 963 2
4 1384 2
5 639 2
5 952 2
5 949 2
5 657 1
5 654 1
5 958 2
5 303 2
5 121 2

